0
10
0
1
2
3
4
5
6
7
8
9
45
0 1 8205.656105341743
1 2 2933.0811738869897
2 3 9777.464374333904
3 4 5068.695773580632
4 5 2133.3066354796815
5 6 6146.065491540623
6 7 7527.62561292497
7 8 6163.791384030133
8 9 805.7065437833089
7 2 2944.1906351701155
9 3 2595.4637724066897
5 1 8356.349665354266
0 6 5136.103855804605
0 7 9707.406159162649
5 0 5351.2103344963325
6 9 5054.696600646564
1 6 5400.881731273072
7 1 5856.420575967961
7 4 9560.351572791864
5 8 6549.836394961993
5 3 1803.5493925083879
0 4 8888.741537732642
1 3 4174.575417218359
8 6 3654.675277096531
4 2 4832.846881478341
5 2 9375.655836160513
0 9 6344.818975416387
3 6 8547.712126635297
1 9 2615.4798388958225
2 6 3095.509053554637
7 9 2277.8126554719756
2 8 5315.5149745586605
4 6 5178.695229753256
9 4 5833.530958315596
2 0 9287.517292318109
4 8 7562.35782160078
5 7 3909.538664059918
4 1 9766.619844560528
0 3 891.2394032653503
8 0 4414.9867012699615
1 8 7538.912721345361
8 3 20.260346250642325
9 2 9586.195839114287
7 3 6436.125979045437
5 9 5335.775546047702
